INIT_MEMORY: 6448.54
MALLOCS: 164.933
COMPUTATION: 21264.3
KERNEL: 21227.960938
OUTPUT: 390.767
TOTAL (measured inside program): 28269.1
TOTAL (measured with 'time'): 28350.00
BIGGEST ERROR: 0.000004
