INIT_MEMORY: 92409
MALLOCS: 169.933
COMPUTATION: 164327
KERNEL: 163827.562500
OUTPUT: 5614.8
TOTAL (measured inside program): 262521
TOTAL (measured with 'time'): 262670.00
BIGGEST ERROR: 0.000008
