INIT_MEMORY: 7.44486
MALLOCS: 158.105
COMPUTATION: 12.6429
KERNEL: 12.515840
OUTPUT: 0.404119
TOTAL (measured inside program): 179.107
TOTAL (measured with 'time'): 260.00
BIGGEST ERROR: 0.000002
