INIT_MEMORY: 94072.6
MALLOCS: 169.24
COMPUTATION: 239732
KERNEL: 239236.171875
OUTPUT: 5538.25
TOTAL (measured inside program): 339513
TOTAL (measured with 'time'): 339650.00
BIGGEST ERROR: 0.630604
