INIT_MEMORY: 7.48301
MALLOCS: 149.602
COMPUTATION: 20.3512
KERNEL: 20.228800
OUTPUT: 0.41008
TOTAL (measured inside program): 178.328
TOTAL (measured with 'time'): 250.00
BIGGEST ERROR: 0.000002
