INIT_MEMORY: 6444.55
MALLOCS: 167.78
COMPUTATION: 11484.7
KERNEL: 11448.310547
OUTPUT: 391.225
TOTAL (measured inside program): 18488.8
TOTAL (measured with 'time'): 18570.00
BIGGEST ERROR: 0.000004
