INIT_MEMORY: 8.20518
MALLOCS: 156.37
COMPUTATION: 19.6841
KERNEL: 19.560543
OUTPUT: 0.402927
TOTAL (measured inside program): 185.142
TOTAL (measured with 'time'): 270.00
BIGGEST ERROR: 0.000002
