INIT_MEMORY: 93943.6
MALLOCS: 166.52
COMPUTATION: 236602
KERNEL: 236105.859375
OUTPUT: 5571.84
TOTAL (measured inside program): 336284
TOTAL (measured with 'time'): 336430.00
BIGGEST ERROR: 57.133652
