INIT_MEMORY: 6446.97
MALLOCS: 170.193
COMPUTATION: 16611.9
KERNEL: 16575.839844
OUTPUT: 388.677
TOTAL (measured inside program): 23618.3
TOTAL (measured with 'time'): 23700.00
BIGGEST ERROR: 4.120796
