INIT_MEMORY: 94303.5
MALLOCS: 169.766
COMPUTATION: 161157
KERNEL: 160658.875000
OUTPUT: 5807.42
TOTAL (measured inside program): 261438
TOTAL (measured with 'time'): 261590.00
BIGGEST ERROR: 56.893139
