INIT_MEMORY: 6503.55
MALLOCS: 168.093
COMPUTATION: 17348.4
KERNEL: 17312.224609
OUTPUT: 388.954
TOTAL (measured inside program): 24409.5
TOTAL (measured with 'time'): 24490.00
BIGGEST ERROR: 0.000004
