INIT_MEMORY: 7.38692
MALLOCS: 155.575
COMPUTATION: 13.438
KERNEL: 13.267904
OUTPUT: 0.402927
TOTAL (measured inside program): 177.285
TOTAL (measured with 'time'): 250.00
BIGGEST ERROR: 0.000002
