INIT_MEMORY: 93149.2
MALLOCS: 166.739
COMPUTATION: 242968
KERNEL: 242470.203125
OUTPUT: 5551.37
TOTAL (measured inside program): 341836
TOTAL (measured with 'time'): 341980.00
BIGGEST ERROR: 0.000008
