INIT_MEMORY: 6516.55
MALLOCS: 167.041
COMPUTATION: 17008.8
KERNEL: 16972.642578
OUTPUT: 389.588
TOTAL (measured inside program): 24082.5
TOTAL (measured with 'time'): 24170.00
BIGGEST ERROR: 0.000004
