INIT_MEMORY: 7.46799
MALLOCS: 156.29
COMPUTATION: 19.49
KERNEL: 19.361856
OUTPUT: 0.403881
TOTAL (measured inside program): 184.134
TOTAL (measured with 'time'): 260.00
BIGGEST ERROR: 0.000002
