INIT_MEMORY: 92167.3
MALLOCS: 167.032
COMPUTATION: 299559
KERNEL: 299061.218750
OUTPUT: 5550.54
TOTAL (measured inside program): 397444
TOTAL (measured with 'time'): 397590.00
BIGGEST ERROR: 0.000008
