INIT_MEMORY: 7.46703
MALLOCS: 153.121
COMPUTATION: 15.2359
KERNEL: 15.115328
OUTPUT: 0.401974
TOTAL (measured inside program): 176.711
TOTAL (measured with 'time'): 250.00
BIGGEST ERROR: 0.000002
