INIT_MEMORY: 6716.05
MALLOCS: 164.611
COMPUTATION: 11688.4
KERNEL: 11651.736328
OUTPUT: 390.628
TOTAL (measured inside program): 18960.2
TOTAL (measured with 'time'): 19040.00
BIGGEST ERROR: 0.000004
