COMPUTATION: 0.0815282 seconds
TOTAL: 0.155289 seconds
