COMPUTATION: 2.15736 seconds
TOTAL: 2.23462 seconds
