COMPUTATION: 0.03267 seconds
TOTAL: 0.0939701 seconds
