COMPUTATION: 0.031971 seconds
TOTAL: 0.0892141 seconds
