COMPUTATION: 0.160684 seconds
TOTAL: 0.22456 seconds
