COMPUTATION: 2.15778 seconds
TOTAL: 2.23257 seconds
