COMPUTATION: 0.160585 seconds
TOTAL: 0.21986 seconds
