COMPUTATION: 2.21488 seconds
TOTAL: 2.31292 seconds
