COMPUTATION: 0.285108 seconds
TOTAL: 0.357644 seconds
