COMPUTATION: 0.0869689 seconds
TOTAL: 0.182267 seconds
