COMPUTATION: 0.065932 seconds
TOTAL: 0.123565 seconds
