COMPUTATION: 0.111834 seconds
TOTAL: 0.20794 seconds
