COMPUTATION: 0.05511 seconds
TOTAL: 0.149648 seconds
