COMPUTATION: 0.0583799 seconds
TOTAL: 0.145874 seconds
