COMPUTATION: 0.381945 seconds
TOTAL: 1.57572 seconds
