COMPUTATION: 0.150778 seconds
TOTAL: 0.20012 seconds
