COMPUTATION: 0.426684 seconds
TOTAL: 2.23389 seconds
