COMPUTATION: 0.21708 seconds
TOTAL: 0.291268 seconds
