COMPUTATION: 0.416534 seconds
TOTAL: 1.69992 seconds
