COMPUTATION: 0.132408 seconds
TOTAL: 0.201536 seconds
