COMPUTATION: 0.165512 seconds
TOTAL: 0.216413 seconds
