COMPUTATION: 0.0435979 seconds
TOTAL: 0.133262 seconds
