INIT_MEMORY: 9.17912
MALLOCS: 49.2108
COMPUTATION: 14.9412
KERNEL: 14.830880
OUTPUT: 0.401974
TOTAL (measured inside program): 79.649
TOTAL (measured with 'time'): 110.00
BIGGEST ERROR: 0.000005
