INIT_MEMORY: 9.238
MALLOCS: 50.92
COMPUTATION: 12.9211
KERNEL: 12.805184
OUTPUT: 0.414133
TOTAL (measured inside program): 79.422
TOTAL (measured with 'time'): 110.00
BIGGEST ERROR: 0.000005
