INIT_MEMORY: 9.08303
MALLOCS: 51.9199
COMPUTATION: 28.2309
KERNEL: 28.107424
OUTPUT: 0.427961
TOTAL (measured inside program): 95.3569
TOTAL (measured with 'time'): 120.00
BIGGEST ERROR: 0.000005
