INIT_MEMORY: 9.34505
MALLOCS: 50.302
COMPUTATION: 22.3408
KERNEL: 22.224768
OUTPUT: 0.412941
TOTAL (measured inside program): 88.3029
TOTAL (measured with 'time'): 120.00
BIGGEST ERROR: 0.000005
