INIT_MEMORY: 8.87799
MALLOCS: 80.091
COMPUTATION: 22.5439
KERNEL: 22.351809
OUTPUT: 1.20902
TOTAL (measured inside program): 118.963
TOTAL (measured with 'time'): 170.00
BIGGEST ERROR: 0.000005
