INIT_MEMORY: 7.30205
MALLOCS: 34.847
COMPUTATION: 27.2861
KERNEL: 26.946592
OUTPUT: 0.708103
TOTAL (measured inside program): 77.2481
TOTAL (measured with 'time'): 90.00
BIGGEST ERROR: 0.000005
