INIT_MEMORY: 9.19914
MALLOCS: 50.1699
COMPUTATION: 38.9991
KERNEL: 38.886913
OUTPUT: 0.41604
TOTAL (measured inside program): 104.701
TOTAL (measured with 'time'): 130.00
BIGGEST ERROR: 0.000005
