INIT_MEMORY: 7.936
MALLOCS: 36.69
COMPUTATION: 32.021
KERNEL: 31.856064
OUTPUT: 0.790834
TOTAL (measured inside program): 84.743
TOTAL (measured with 'time'): 100.00
BIGGEST ERROR: 0.000005
