INIT_MEMORY: 9.11403
MALLOCS: 52.7651
COMPUTATION: 26.6569
KERNEL: 26.516960
OUTPUT: 0.421047
TOTAL (measured inside program): 95.0341
TOTAL (measured with 'time'): 120.00
BIGGEST ERROR: 0.000005
