INIT_MEMORY: 8.83293
MALLOCS: 78.7492
COMPUTATION: 17.3059
KERNEL: 17.136225
OUTPUT: 1.00207
TOTAL (measured inside program): 111.921
TOTAL (measured with 'time'): 150.00
BIGGEST ERROR: 0.000005
