INIT_MEMORY: 9.31978
MALLOCS: 53.1852
COMPUTATION: 21.6849
KERNEL: 21.558847
OUTPUT: 0.422955
TOTAL (measured inside program): 90.6138
TOTAL (measured with 'time'): 120.00
BIGGEST ERROR: 0.000005
