INIT_MEMORY: 9.20415
MALLOCS: 49.8488
COMPUTATION: 32.8598
KERNEL: 32.750336
OUTPUT: 0.399828
TOTAL (measured inside program): 98.1939
TOTAL (measured with 'time'): 130.00
BIGGEST ERROR: 0.000005
