INIT_MEMORY: 8.83818
MALLOCS: 77.6401
COMPUTATION: 18.7049
KERNEL: 18.535969
OUTPUT: 0.960112
TOTAL (measured inside program): 112.203
TOTAL (measured with 'time'): 180.00
BIGGEST ERROR: 0.000005
