INIT_MEMORY: 7.94983
MALLOCS: 36.5162
COMPUTATION: 48.4529
KERNEL: 48.286369
OUTPUT: 0.694036
TOTAL (measured inside program): 100.915
TOTAL (measured with 'time'): 110.00
BIGGEST ERROR: 0.000005
