INIT_MEMORY: 8.81886
MALLOCS: 75.7301
COMPUTATION: 22.0959
KERNEL: 21.919264
OUTPUT: 0.900984
TOTAL (measured inside program): 113.501
TOTAL (measured with 'time'): 150.00
BIGGEST ERROR: 0.000005
