INIT_MEMORY: 9.08208
MALLOCS: 54.292
COMPUTATION: 17.868
KERNEL: 17.726561
OUTPUT: 0.433922
TOTAL (measured inside program): 87.4681
TOTAL (measured with 'time'): 110.00
BIGGEST ERROR: 0.000005
