INIT_MEMORY: 9.05299
MALLOCS: 52.4969
COMPUTATION: 25.8172
KERNEL: 25.705856
OUTPUT: 0.411034
TOTAL (measured inside program): 93.6959
TOTAL (measured with 'time'): 120.00
BIGGEST ERROR: 0.000005
