INIT_MEMORY: 10.8399
MALLOCS: 83.966
COMPUTATION: 35.531
KERNEL: 35.342335
OUTPUT: 1.04403
TOTAL (measured inside program): 137.508
TOTAL (measured with 'time'): 180.00
BIGGEST ERROR: 0.000005
