INIT_MEMORY: 8.80218
MALLOCS: 56.7079
COMPUTATION: 27.2551
KERNEL: 27.117216
OUTPUT: 0.680923
TOTAL (measured inside program): 98.907
TOTAL (measured with 'time'): 140.00
BIGGEST ERROR: 0.000005
