INIT_MEMORY: 7.50613
MALLOCS: 34.5988
COMPUTATION: 18.4941
KERNEL: 18.331392
OUTPUT: 0.702858
TOTAL (measured inside program): 68.439
TOTAL (measured with 'time'): 80.00
BIGGEST ERROR: 0.000005
