INIT_MEMORY: 7.64799
MALLOCS: 34.4269
COMPUTATION: 16.0551
KERNEL: 15.890432
OUTPUT: 0.730991
TOTAL (measured inside program): 65.9151
TOTAL (measured with 'time'): 80.00
BIGGEST ERROR: 0.000005
