INIT_MEMORY: 7.50303
MALLOCS: 34.575
COMPUTATION: 40.427
KERNEL: 40.260895
OUTPUT: 0.710011
TOTAL (measured inside program): 90.1642
TOTAL (measured with 'time'): 100.00
BIGGEST ERROR: 0.000005
