INIT_MEMORY: 9.07803
MALLOCS: 51.5461
COMPUTATION: 23.289
KERNEL: 23.164608
OUTPUT: 0.424862
TOTAL (measured inside program): 90.071
TOTAL (measured with 'time'): 120.00
BIGGEST ERROR: 0.000005
