INIT_MEMORY: 9.36389
MALLOCS: 54.98
COMPUTATION: 35.212
KERNEL: 35.086880
OUTPUT: 0.421047
TOTAL (measured inside program): 105.726
TOTAL (measured with 'time'): 130.00
BIGGEST ERROR: 0.000005
