COMPUTATION: 0.496401 seconds
TOTAL: 0.52281 seconds
