COMPUTATION: 1.29079 seconds
TOTAL: 1.31928 seconds
