COMPUTATION: 0.487977 seconds
TOTAL: 0.516043 seconds
