COMPUTATION: 0.956982 seconds
TOTAL: 1.00876 seconds
