COMPUTATION: 1.71099 seconds
TOTAL: 1.74683 seconds
