COMPUTATION: 0.592896 seconds
TOTAL: 0.625619 seconds
