COMPUTATION: 0.896272 seconds
TOTAL: 0.922906 seconds
