COMPUTATION: 0.775193 seconds
TOTAL: 0.811051 seconds
