COMPUTATION: 0.778459 seconds
TOTAL: 0.820324 seconds
