COMPUTATION: 0.579204 seconds
TOTAL: 0.607341 seconds
