COMPUTATION: 0.196804 seconds
TOTAL: 0.268262 seconds
