COMPUTATION: 0.0440681 seconds
TOTAL: 0.137207 seconds
