COMPUTATION: 0.176859 seconds
TOTAL: 0.228832 seconds
