COMPUTATION: 2.16294 seconds
TOTAL: 2.24183 seconds
