COMPUTATION: 0.193533 seconds
TOTAL: 0.255195 seconds
