COMPUTATION: 0.189098 seconds
TOTAL: 0.246184 seconds
