TIME32: 1540.79
ERR32: 0.000004
TIME64: 1021.3
ERR64: 0.000004
TIME96: 880.442
ERR96: 0.000004
