TIME32: 1540.02
ERR32: 0.000004
TIME64: 1020.54
ERR64: 0.000004
TIME96: 879.702
ERR96: 0.000004
