TIME32: 1540.7
ERR32: 0.000004
TIME64: 1021.15
ERR64: 0.000004
TIME96: 880.294
ERR96: 0.000004
