TIME32: 1540.24
ERR32: 0.000004
TIME64: 1020.73
ERR64: 0.000004
TIME96: 879.957
ERR96: 0.000004
